g_e=-2.00231930436182;
g_N=+5.585694702;
mu_e=927.4009994e-26; %J/T
mu_N=5.050783699e-27;
hbar = 1.054571800e-34; %Js
hplanck = 6.626070040e-34; % Js
q_e = 1.6021766288e-19; % C
k_B = 1.38064852e-23; % J/K
mu_0 = 1.25663706e-6; %vacuumm permeability
gamma_e=-mu_e/hbar*g_e; %gyromagnetic ratio electron
gamma_p= 26.752e7; %gyromagnetic ratio proton
Na=6.022140857e23;  %Avogadro constant
c=299792000; %m/s
m_e=9.10938356e-31; %kg, mass electron
m_p=1.672621898e-27; %kp, mass proton
e_0=8.854187e-12;  %As/Vm
a_0=0.529177e-10; %m (Bohr radius)
G=6.67430e-11;  %m^3/kg/s^2, Gravitationskonstante
